1 40 179 241 179
2 19 60 135 89
2 87 156 83 55
2 47 295 139 89
3 24 108 107 73
4 51 69 111 67
4 9 258 119 73
5 30 327 51 39
5 38 76 159 87
5 41 418 33 23
6 9 17 199 137
6 67 192 177 103
7 85 84 207 141
8 56 81 241 179
9 56 81 291 193
10 34 43 125 87
10 102 323 133 89
11 55 126 187 121
12 10 105 123 83
13 29 83 149 95
13 28 236 115 81
14 15 79 115 75
14 81 286 125 89
15 12 124 179 119
15 48 252 155 95
16 29 172 157 109
17 44 166 153 93
18 38 117 225 139
19 11 94 181 121
19 20 235 169 117
20 23 127 237 149
21 24 137 165 115
22 15 46 303 221
23 38 52 327 207
24 43 117 197 133
25 27 74 177 119
26 34 177 129 83
27 37 106 143 91
28 25 93 177 107
29 25 114 155 91
30 177 148 101 71
31 30 132 169 111
32 23 160 127 83
33 23 87 139 85
34 122 82 141 107
34 36 210 173 131
35 46 45 149 91
36 11 162 133 89
37 31 99 213 143
38 52 284 127 79
39 29 81 211 133
39 126 206 155 115
40 37 54 231 147
41 254 194 127 79
42 0 20 104 71
42 84 174 53 39
42 35 244 69 47
42 160 253 65 41
43 35 77 253 151
44 30 165 173 101
45 67 14 125 93
45 158 203 137 85
46 24 205 283 183
47 51 71 179 121
48 27 94 95 59
48 26 239 117 79
49 20 140 159 99
49 242 20 119 109
49 198 227 161 103
50 25 130 167 117
51 25 91 329 209
52 85 62 225 167
53 33 77 265 185
54 32 28 267 205
55 56 59 269 189
56 91 67 107 77
56 115 251 91 63
57 17 151 109 63
58 81 143 229 145
59 26 87 137 95
60 43 69 307 205
61 28 87 265 161
62 26 73 181 131
63 14 125 165 99
64 35 212 101 67
65 28 68 277 181
66 23 169 183 105
67 11 93 95 67
67 35 287 93 69
68 17 102 131 85
69 13 76 291 179
70 30 117 147 95
71 11 176 205 141
72 16 41 295 189
73 19 43 121 81
73 14 187 119 79
73 78 350 109 75
74 157 27 107 77
74 40 120 91 61
74 79 200 127 93
75 59 128 211 135
76 18 240 137 79
77 22 111 125 75
78 0 87 214 141
78 262 149 21 13
78 259 177 23 15
78 269 205 21 15
79 54 72 299 207
80 12 197 161 109
81 23 178 175 115
82 7 130 101 65
83 16 117 135 89
84 201 143 203 135
85 32 119 113 81
86 24 98 173 105
87 54 50 83 59
87 43 154 113 69
87 15 244 93 61
88 33 167 109 59
88 8 258 103 65
89 48 101 145 105
90 25 77 395 273
91 14 112 159 101
92 31 103 175 117
93 44 94 211 119
94 7 66 143 105
95 19 160 171 107
96 11 133 111 79
97 10 72 105 65
97 46 199 93 65
97 10 327 101 67
98 54 162 147 99
99 25 162 175 109
100 285 91 113 99
101 26 38 209 147
102 50 89 189 109
103 141 69 275 199
104 110 77 159 107
105 24 113 151 103
106 83 51 99 67
106 57 169 99 59
106 74 320 95 65
107 32 109 179 119
108 25 109 225 139
109 11 115 105 73
109 50 273 103 67
110 24 64 201 127
111 22 80 127 99
112 19 305 89 71
113 15 108 191 123
114 18 55 75 51
114 37 136 23 17
114 47 157 41 31
114 32 193 25 19
115 14 250 229 135
116 66 108 147 99
117 175 123 155 91
118 32 45 329 215
119 30 85 163 107
120 20 119 147 95
121 10 111 127 89
121 22 273 117 79
122 20 66 353 247
123 8 139 143 93
124 39 39 233 157
125 19 118 135 101
126 45 52 243 171
127 12 151 131 85
128 35 68 275 197
129 17 85 195 123
130 307 98 59 39
130 14 71 221 149
131 13 76 137 93
132 10 218 135 79
133 15 122 133 77
134 31 145 117 75
134 154 143 107 79
135 26 34 143 97
135 32 198 139 91
136 27 151 187 133
137 79 152 111 69
138 24 76 125 81
138 143 255 115 89
139 33 99 147 89
140 21 26 107 73
140 21 136 101 71
140 20 245 103 73
140 21 355 95 71
140 201 27 105 65
140 205 137 97 67
140 207 246 93 71
141 177 94 107 81
142 28 77 293 203
143 34 195 109 69
144 17 137 119 85
145 11 112 229 155
146 73 65 217 137
147 16 65 325 197
148 7 12 373 251
149 9 75 275 169
150 199 85 141 103
151 19 98 209 123
152 13 188 129 77
153 64 88 123 73
153 12 279 161 99
154 238 55 85 57
154 22 187 145 87
155 34 191 125 73
156 25 99 141 87
157 68 167 141 91
158 95 98 183 123
159 32 45 111 71
159 44 198 109 75
159 27 346 107 71
160 15 74 163 99
161 13 136 149 99
162 31 85 211 137
163 131 89 201 149
164 34 95 171 105
165 56 93 299 185
166 21 30 265 199
167 67 108 111 77
168 42 57 139 87
168 20 167 131 87
168 76 336 125 77
169 28 113 89 55
170 78 63 91 57
170 5 265 103 69
171 11 56 313 213
172 63 272 101 69
173 25 131 173 99
174 16 230 175 107
175 14 98 231 145
176 26 73 363 249
177 15 217 203 133
178 16 251 213 141
179 28 247 213 153
180 39 155 123 75
181 41 169 135 77
182 19 50 117 75
182 42 218 119 83
183 25 55 269 185
184 21 53 121 89
184 10 285 105 71
184 79 345 47 37
185 17 46 327 203
186 32 32 329 223
187 20 122 161 129
188 29 86 303 219
189 280 126 127 93
190 34 70 323 229
191 19 231 215 151
192 1 119 187 105
193 18 112 101 77
193 54 230 101 67
194 0 33 125 81
194 49 172 115 75
194 131 324 111 73
195 32 92 247 165
196 28 73 193 119
197 29 122 101 63
197 84 202 79 55
198 39 70 99 69
198 22 203 97 59
199 64 105 209 141
200 45 75 201 145
201 18 248 259 169
202 16 127 139 103
203 17 87 113 77
204 86 105 115 89
204 6 239 139 97
205 11 197 211 137
206 33 199 195 121
207 21 118 167 105
208 20 139 263 161
209 6 139 115 77
210 33 181 181 125
211 30 56 295 195
212 36 51 291 197
213 22 103 183 121
214 56 107 165 107
215 45 72 261 183
216 0 107 87 45
216 164 78 99 57
216 325 72 79 37
216 155 213 83 47
216 334 184 91 49
216 0 231 73 43
216 134 272 161 109
216 0 346 88 53
217 16 125 105 67
217 37 299 97 67
218 14 112 159 99
219 20 94 341 211
220 23 88 161 105
221 92 123 113 73
221 113 303 93 67
222 32 101 237 143
223 27 78 247 157
224 18 136 187 121
224 17 333 155 105
225 21 96 147 91
226 121 99 131 97
227 6 65 261 171
228 12 66 163 111
229 8 46 341 219
230 16 156 137 97
231 22 93 289 193
232 39 40 323 219
233 29 99 145 97
234 47 85 95 67
234 88 233 97 63
235 14 27 341 215
236 22 202 95 77
237 27 73 261 173
238 53 85 177 119
239 234 113 133 93
240 63 89 105 71
241 24 78 229 135
242 54 80 147 99
243 31 55 307 175
244 144 108 95 65
245 37 20 281 209
246 5 77 319 201
247 11 96 125 77
248 41 58 267 163
249 15 103 151 105
250 64 42 309 205
251 9 175 103 73
252 42 147 99 59
252 79 230 59 43
253 7 197 245 149
254 144 75 279 189
255 29 73 273 197
256 26 12 363 271
257 24 96 107 71
258 40 65 285 171
259 21 189 197 145
260 15 30 133 81
260 16 169 135 83
260 14 310 149 93
260 203 33 149 91
260 204 163 143 99
261 15 26 133 83
261 205 23 149 91
261 9 177 137 79
261 11 315 151 97
261 192 178 149 97
262 10 38 259 191
263 14 90 139 99
263 32 198 131 97
264 23 254 155 97
265 56 108 161 107
266 64 4 149 109
266 27 261 193 141
267 45 84 233 145
268 21 57 331 213
269 137 74 237 155
270 18 168 181 133
271 34 102 163 111
272 13 49 177 125
273 1 40 371 253
274 51 34 105 75
274 77 173 93 63
274 11 335 101 77
275 179 121 121 81
276 32 237 115 87
277 35 166 113 77
278 4 46 175 123
278 15 206 147 105
279 20 163 135 89
280 39 68 287 189
281 51 61 249 153
282 10 44 103 65
282 42 118 127 89
282 214 241 37 23
282 172 286 47 23
283 24 84 139 101
284 12 177 157 107
285 51 33 269 193
286 41 149 95 85
287 13 144 149 97
288 29 83 159 93
289 10 107 267 171
290 13 60 83 45
290 61 203 97 63
290 10 278 93 59
291 54 116 143 107
292 20 118 221 143
293 14 67 269 183
294 21 104 117 63
295 38 113 217 137
296 201 108 149 117
296 0 172 109 83
297 65 78 97 67
297 44 208 93 63
297 71 305 91 59
298 102 86 95 65
298 114 256 93 65
299 20 109 145 93
300 23 218 195 137
301 109 75 93 67
301 17 198 133 91
302 49 107 135 79
303 28 121 177 119
304 35 47 295 211
305 18 118 151 91
306 26 50 93 65
306 40 197 95 61
306 31 347 97 63
307 8 53 345 203
308 58 78 217 133
309 31 80 237 153
310 242 22 133 85
310 159 177 121 77
310 34 291 51 39
310 179 290 57 33
310 310 291 57 37
311 131 122 103 73
312 23 119 139 89
312 65 249 103 69
313 16 98 125 91
314 24 75 263 175
315 67 123 191 129
316 43 84 231 129
317 46 185 115 73
318 15 134 135 83
319 50 33 133 83
319 21 154 183 133
319 53 328 117 83
320 28 38 319 215
321 48 59 259 157
322 6 143 125 79
323 15 136 115 85
323 65 217 123 87
324 19 117 183 121
325 28 135 119 83
326 39 238 145 99
327 32 43 313 213
328 25 59 209 133
329 0 234 175 107
330 27 62 253 163
331 39 198 141 85
332 77 173 197 119
333 179 57 169 121
334 19 41 277 175
335 17 62 245 163
336 25 80 133 81
337 71 137 169 105
338 14 154 283 183
339 94 123 159 103
340 26 92 125 79
341 22 105 133 83
342 53 71 305 199
343 24 131 145 87
344 50 64 205 137
345 34 87 171 109
346 32 183 125 89
347 32 141 153 105
348 42 209 99 67
349 22 139 135 81
350 12 68 99 67
350 71 220 95 65
350 68 374 93 61
351 108 46 87 61
351 72 290 95 65
352 17 152 165 111
353 15 57 349 209
354 44 136 137 81
355 39 64 121 89
356 254 117 125 87
357 25 61 239 153
358 45 213 133 85
359 20 89 209 161
360 4 31 385 241
361 155 113 117 73
362 17 55 131 79
362 25 198 125 79
362 17 348 117 73
363 60 92 173 101
364 131 37 125 97
364 33 275 133 99
365 73 102 171 115
366 38 87 135 85
367 39 145 149 99
368 62 49 297 203
369 15 100 155 93
370 11 112 99 67
371 110 117 95 61
371 123 256 99 71
372 20 97 203 139
373 14 177 187 133
374 23 35 283 195
375 20 131 139 87
375 30 282 141 81
376 29 105 169 99
377 56 178 139 89
378 37 44 301 175
379 50 68 67 59
379 51 258 83 65
380 49 98 133 87
381 21 185 125 81
382 22 97 123 91
383 17 108 199 125
384 31 58 289 175
385 21 220 115 69
386 9 169 183 113
387 140 66 225 149
388 43 92 283 199
389 73 80 263 175
390 85 190 125 91
391 124 53 181 121
392 42 130 159 97
393 30 139 287 187
394 23 38 135 89
395 22 63 85 59
396 8 64 207 131
397 8 135 109 73
398 8 25 209 143
398 25 246 187 139
399 55 97 305 213
400 6 75 145 89
400 85 291 127 81
401 0 105 140 115
401 232 84 99 77
401 226 147 113 79
402 112 4 113 77
402 94 142 201 151
402 66 320 119 89
403 29 123 127 81
404 21 86 217 143
405 67 129 187 123
406 21 182 103 69
407 12 106 347 211
408 36 58 125 75
408 235 137 113 73
409 9 158 175 105
410 16 111 141 91
411 44 62 279 181
412 35 64 379 227
413 54 154 227 155
414 7 71 173 115
415 57 43 161 115
415 40 222 177 113
416 27 66 243 167
417 22 127 103 65
418 40 71 205 149
419 54 67 247 167
420 111 127 93 63
420 71 242 99 61
421 24 57 177 119
422 32 69 253 165
423 8 59 125 75
423 98 217 109 69
423 79 323 105 63
424 140 131 125 85
425 25 93 183 119
426 20 122 119 73
427 22 32 89 59
427 19 132 89 61
427 18 241 89 57
427 14 336 97 65
428 57 86 231 151
429 31 59 193 123
430 19 50 321 191
431 26 186 133 83
432 4 171 163 111
433 27 95 193 111
433 97 254 127 101
434 28 302 89 59
434 31 67 85 61
435 44 63 101 71
435 30 360 103 71
436 10 116 115 67
437 12 145 191 111
438 29 119 245 167
439 15 178 137 83
440 18 103 113 69
441 48 45 241 163
441 46 229 229 143
442 15 176 107 69
443 33 62 279 203
444 15 88 215 149
445 180 144 187 109
446 10 96 195 145
447 34 43 129 79
447 95 165 115 65
448 58 231 139 115
449 108 204 119 87
450 20 109 151 93
451 22 70 285 167
452 10 241 169 123
453 176 113 137 85
454 45 185 155 103
455 85 77 173 129
456 41 89 199 131
457 26 66 323 187
458 39 170 125 75
459 11 274 107 77
460 36 42 303 203
461 26 215 181 125
462 35 88 261 145
463 29 117 179 125
464 30 112 113 77
465 32 109 139 85
466 37 92 209 137
467 13 34 135 95
467 12 147 95 69
467 46 216 83 67
467 85 276 87 65
467 69 362 97 65
468 22 68 111 81
468 61 285 83 55
469 29 136 145 97
469 73 29 119 79
469 107 254 93 67
470 29 100 301 241
471 59 87 253 169
472 16 8 111 65
472 79 201 111 65
472 31 362 107 67
473 14 160 237 147
474 24 33 307 225
475 36 95 277 195
476 12 79 95 61
476 55 241 95 61
476 21 365 91 59
477 26 65 279 181
478 10 140 187 133
479 7 62 155 93
479 19 199 109 73
479 17 265 153 97
480 84 52 93 65
480 21 230 107 75
481 28 37 309 209
482 25 71 149 93
483 26 95 313 245
484 14 157 109 71
485 16 163 125 79
486 28 104 213 155
487 11 82 115 69
488 19 118 105 67
489 25 78 233 145
490 20 171 157 105
491 13 143 157 109
492 118 25 47 35
492 23 92 111 79
493 101 156 195 113
494 20 174 149 97
495 16 57 275 177
496 18 144 203 127
497 53 90 135 87
498 30 77 237 149
499 57 24 113 69
499 59 129 123 73
499 56 240 119 79
499 59 353 109 71
500 19 61 345 207
501 22 49 271 185
502 28 60 113 79
502 11 283 113 75
503 26 55 329 181
504 6 166 97 65
505 20 133 189 121
506 58 107 115 85
507 16 181 105 63
508 35 101 221 131
509 30 88 247 167
510 28 99 177 119
511 38 76 195 127
512 20 97 223 143
513 41 84 279 167
514 45 92 117 83
515 14 44 203 157
516 16 47 349 243
517 33 14 407 271
518 31 78 107 85
519 10 80 159 105
519 78 281 139 97
520 33 46 327 205
521 132 43 145 95
522 21 78 179 105
522 68 208 165 113
523 9 176 143 81
524 37 101 135 89
525 68 71 141 87
526 28 137 93 63
526 286 0 79 41
527 21 98 237 153
528 14 59 93 65
528 13 255 93 63
529 35 165 135 85
530 69 277 181 119
531 8 122 113 81
532 20 42 395 231
533 20 141 267 187
534 83 41 159 107
534 37 197 153 115
535 12 91 279 187
536 48 131 239 159
537 27 156 167 105
538 64 75 259 159
539 37 137 163 107
540 18 90 263 175
541 74 102 197 135
542 25 72 289 177
543 79 67 283 183
544 59 98 159 111
545 30 51 317 193
546 43 191 175 113
546 201 46 169 133
547 12 173 121 69
548 20 139 153 117
549 248 78 135 93
549 19 59 143 95
549 70 158 157 115
550 10 10 139 97
550 128 136 247 161
551 50 68 227 155
552 22 68 209 139
553 29 49 135 95
554 14 52 145 93
554 29 263 143 91
555 3 101 123 83
556 22 132 255 195
557 16 86 235 147
558 16 118 103 75
559 25 233 151 107
560 23 96 151 89
561 31 113 287 189
562 30 47 349 233
563 10 105 119 77
564 13 85 131 79
565 18 79 265 159
566 43 117 169 103
567 10 124 165 109
568 25 225 125 75
569 36 150 155 97
570 10 121 137 83
571 58 148 231 183
572 18 153 173 113
573 43 119 113 71
574 21 95 269 165
575 78 303 123 85
575 23 101 161 105
576 26 46 321 205
577 29 76 295 193
578 23 147 149 95
579 16 134 137 101
580 54 116 119 75
581 20 116 123 81
582 42 140 189 133
583 92 201 123 83
584 22 48 363 257
585 17 58 121 81
586 20 141 167 113
587 30 209 231 153
588 16 87 239 155
589 15 116 123 85
590 31 56 327 187
591 21 58 133 83
591 67 203 127 79
592 48 128 211 137
593 97 118 147 99
594 34 110 113 75
595 39 160 137 93
596 41 133 177 119
597 41 169 111 75
598 22 53 241 129
599 11 148 115 75
600 13 95 149 91
601 47 35 161 115
602 105 134 99 65
603 14 144 271 167
604 15 59 127 79
605 286 108 121 81
606 14 105 105 63
607 24 75 253 177
608 32 49 333 249
609 17 117 165 111
610 19 46 233 161
610 294 229 21 15
611 32 110 207 131
612 92 215 175 135
613 40 104 163 119
614 16 140 105 81
615 11 79 227 149
616 43 87 137 95
617 15 33 143 99
617 18 120 117 81
617 44 250 95 61
617 25 319 147 97
618 15 37 245 147
619 15 42 403 275
620 12 74 181 115
621 8 9 123 93
621 58 176 89 41
621 81 250 69 27
621 96 299 49 15
622 19 47 325 211
623 38 135 131 81
624 10 54 227 145
624 70 188 195 141
625 12 61 195 125
626 15 58 327 211
627 15 146 163 101
628 0 102 149 105
628 46 249 133 101
629 51 53 291 199
630 27 168 197 111
631 23 97 353 201
632 15 86 97 59
633 35 39 307 241
634 49 45 85 63
634 39 157 99 67
635 52 102 161 113
636 60 133 157 103
637 45 39 143 103
637 44 278 151 115
638 75 162 119 85
639 11 30 119 81
639 48 218 113 73
640 27 83 93 69
641 22 69 105 65
641 55 159 103 67
642 15 174 127 97
643 7 241 141 97
644 16 197 201 143
645 24 76 283 161
646 12 78 201 133
647 99 132 81 57
648 27 61 241 145
649 109 125 119 69
650 121 70 173 119
651 30 99 121 71
652 56 38 307 213
653 22 329 113 71
654 24 99 181 117
655 6 329 165 101
656 144 43 283 201
657 16 179 93 65
657 50 251 99 71
658 42 54 207 125
658 44 254 223 133
659 136 15 183 117
659 24 132 167 103
660 36 113 175 119
661 22 115 119 83
662 38 88 115 71
663 37 101 159 107
664 30 217 157 103
665 35 124 187 119
666 25 116 247 171
667 17 38 199 129
667 15 243 181 125
668 8 81 167 119
668 14 286 179 105
669 35 64 117 67
669 30 322 123 75
670 54 114 215 121
670 117 289 31 21
671 47 90 145 95
672 25 91 229 149
673 16 108 153 93
674 22 161 137 91
675 31 87 183 115
676 164 144 139 95
676 15 15 137 107
676 77 116 117 93
676 140 206 137 91
676 128 331 149 105
677 4 171 87 55
678 52 89 179 117
679 138 78 131 93
680 18 182 249 137
681 21 59 343 205
682 23 86 115 77
683 103 109 113 79
683 87 222 117 79
684 23 111 157 105
685 184 121 95 53
685 6 83 199 129
686 32 16 305 193
687 8 38 195 155
687 5 314 99 77
688 20 50 303 223
689 20 60 247 175
690 16 76 129 81
691 58 232 159 105
692 15 139 233 173
693 25 158 175 121
694 5 123 123 77
695 15 118 133 91
696 176 122 145 107
697 21 109 157 113
697 23 222 165 97
698 210 151 143 93
699 36 69 277 171
700 86 128 137 101
701 20 47 231 173
702 74 226 177 141
703 40 76 125 83
704 48 28 99 67
704 39 258 109 69
705 25 150 157 95
706 24 160 137 97
707 18 104 197 113
708 137 48 173 103
708 17 184 157 107
709 56 138 193 127
710 1 236 117 93
711 4 108 95 67
711 63 292 73 51
712 33 68 245 155
713 37 16 239 163
713 13 251 269 185
714 23 182 111 79
714 8 260 105 71
715 25 108 109 71
716 12 65 119 79
717 15 188 123 83
718 28 35 319 217
719 11 215 129 87
720 31 53 283 181
721 54 171 129 79
722 47 48 135 81
722 16 170 127 85
722 67 338 125 75
723 26 108 127 73
723 139 186 115 71
723 37 229 123 83
723 147 277 103 71
724 76 129 275 159
725 15 125 191 127
726 24 125 141 89
727 23 38 277 191
728 33 55 283 177
729 137 83 183 133
730 24 47 339 217
731 24 151 141 87
731 99 277 109 85
732 19 31 273 215
733 10 115 137 93
734 22 81 357 233
735 0 40 168 107
735 285 175 21 15
736 12 113 167 99
737 19 119 129 89
738 104 177 121 79
739 22 92 219 139
740 39 155 103 73
741 52 121 199 133
742 15 55 63 39
742 13 209 117 77
742 243 59 91 59
742 241 210 119 79
743 23 242 165 99
744 10 86 91 61
745 17 100 99 61
745 120 225 91 59
746 16 61 125 79
746 55 147 115 81
746 286 147 27 17
747 207 98 189 135
748 11 102 191 115
749 95 83 141 83
750 38 37 187 127
750 71 217 143 99
750 153 305 77 55
751 28 56 227 163
752 17 39 191 117
753 30 32 239 179
753 29 264 249 163
754 20 144 141 83
755 33 96 245 171
756 21 98 305 187
757 98 0 51 29
757 18 57 137 89
757 61 164 77 53
757 60 235 105 61
757 66 333 119 81
758 25 86 211 125
759 77 275 201 119
760 25 93 207 123
761 17 69 141 93
762 15 59 327 223
763 6 46 175 127
763 55 268 171 121
764 19 174 159 99
765 53 80 115 69
765 282 287 83 41
766 42 275 93 57
767 183 27 187 133
767 21 186 213 153
768 78 14 195 157
768 23 196 167 125
769 35 55 347 209
770 97 122 155 105
771 26 77 291 209
772 19 39 185 129
772 45 188 179 109
773 205 20 133 99
773 192 150 161 119
774 40 46 349 235
775 18 117 103 65
776 38 61 107 75
776 69 304 103 81
777 17 84 135 91
778 107 18 79 55
778 25 94 111 69
779 58 203 101 61
780 47 56 229 171
781 36 212 263 163
782 36 252 147 99
783 68 81 103 73
783 13 284 103 69
784 42 123 179 119
785 23 63 289 193
786 11 108 119 79
787 51 73 233 155
788 16 48 321 219
789 37 171 149 95
790 8 62 249 183
791 65 30 185 129
791 39 184 177 127
792 87 92 269 171
793 93 65 105 81
793 95 306 103 81
794 47 125 229 155
795 22 50 245 171
796 59 43 331 223
797 26 48 191 129
798 22 42 341 211
799 33 186 121 81
800 35 53 225 161
801 52 56 237 167
802 67 75 275 189
803 4 206 183 113
804 21 79 229 131
805 32 172 155 97
806 44 39 245 161
806 35 251 239 155
807 14 87 201 131
808 172 30 119 85
809 40 69 183 121
810 22 117 105 69
811 19 63 135 83
811 57 274 123 87
812 27 78 163 109
813 38 94 153 105
814 22 115 155 101
815 76 67 99 75
815 4 198 113 75
816 50 102 119 79
816 26 267 117 77
817 77 123 85 59
817 7 262 99 65
818 36 45 333 227
819 43 159 95 65
820 46 128 159 101
821 33 56 109 63
821 26 196 101 67
821 48 375 99 59
822 82 215 167 107
823 46 50 241 169
824 41 225 223 139
825 11 106 147 95
826 8 104 123 77
827 16 96 95 73
828 34 80 117 75
828 20 311 119 79
829 16 105 301 175
830 21 183 127 89
831 16 211 185 115
832 18 60 239 171
833 20 137 171 115
834 28 96 239 143
835 7 62 107 71
836 15 189 129 77
837 92 84 207 129
838 62 50 229 165
839 56 77 249 151
840 36 138 181 119
841 18 105 157 101
842 35 113 99 71
843 13 116 111 73
844 100 119 149 99
845 15 130 115 89
846 31 158 141 97
847 88 167 109 67
848 32 212 189 137
849 50 65 329 205
850 21 73 105 65
851 35 163 169 107
852 26 51 375 219
853 19 30 145 91
853 13 187 141 83
853 17 317 121 85
854 38 43 303 189
855 31 120 143 85
856 11 106 143 93
857 13 115 113 71
858 5 99 115 75
858 38 269 117 81
859 86 274 135 95
860 16 153 181 113
861 27 48 257 163
862 147 51 97 81
862 23 287 139 95
863 83 95 101 67
863 39 208 221 143
864 14 132 195 131
865 34 48 117 75
865 17 198 117 71
865 72 352 103 73
866 28 156 121 87
867 23 151 171 119
868 15 174 131 87
869 31 92 239 169
870 161 244 105 69
871 22 156 109 73
872 0 113 118 71
873 37 105 121 77
874 15 68 119 67
875 12 136 125 87
876 87 139 105 69
877 64 235 97 65
878 39 64 265 163
879 7 130 115 73
879 30 260 117 87
880 47 66 165 121
881 35 64 273 177
882 46 118 161 101
883 90 116 105 71
884 39 159 141 95
884 8 287 157 101
885 56 74 259 161
886 34 68 291 165
887 93 53 209 131
887 44 195 237 151
888 21 124 143 97
889 27 89 217 127
890 19 107 161 105
891 32 178 95 61
892 9 41 145 99
892 107 134 149 97
893 21 25 397 261
894 79 100 89 61
894 8 178 109 73
895 46 42 125 85
895 14 243 131 83
896 54 113 111 81
897 47 98 133 109
898 112 39 173 135
898 9 232 181 155
899 10 87 297 187
900 30 52 307 195
901 12 104 117 73
902 24 173 161 95
903 36 83 99 59
903 182 103 93 63
903 19 219 99 59
903 59 318 81 53
904 54 56 121 101
904 54 226 53 39
904 119 351 51 41
905 52 73 105 79
906 33 137 245 165
907 29 108 109 65
908 35 125 119 85
909 16 86 261 183
910 96 65 129 83
911 41 168 129 73
912 14 35 117 71
912 30 228 143 93
913 0 76 211 133
914 40 77 157 97
914 72 257 111 67
915 192 137 201 133
916 13 156 145 83
917 12 71 305 181
918 46 72 287 191
919 14 131 117 67
919 23 273 103 67
920 22 116 137 85
921 25 22 357 233
922 66 29 75 47
922 63 150 87 55
922 66 247 69 45
923 43 86 201 143
924 31 111 163 91
925 23 94 141 95
925 172 143 123 87
926 16 121 191 137
927 61 108 141 91
928 83 94 171 109
929 6 113 135 75
930 18 144 181 117
931 23 53 315 235
932 34 127 137 101
933 13 59 263 179
934 49 49 159 105
934 39 201 129 99
935 23 95 203 123
936 27 102 107 69
937 22 58 113 73
937 109 213 93 71
937 83 317 97 65
938 136 44 117 79
938 179 210 59 43
939 21 197 169 127
940 30 163 155 111
941 30 44 377 241
942 22 171 129 81
943 13 235 163 107
944 41 103 191 131
945 58 124 275 183
946 15 133 157 101
947 0 32 407 273
948 11 195 123 75
948 170 0 71 29
949 27 46 309 195
950 28 91 101 65
951 28 130 115 81
952 9 74 247 165
952 101 233 197 149
953 38 65 191 127
954 20 166 143 91
955 32 89 131 89
956 52 92 135 83
957 26 115 335 209
958 8 108 27 21
958 43 112 113 71
959 46 41 47 31
960 13 59 133 81
960 62 222 109 79
960 70 348 127 79
961 14 169 125 81
962 40 85 201 127
962 42 214 201 119
963 9 135 125 79
964 25 219 185 133
965 47 167 161 113
966 23 96 93 61
966 125 216 87 61
967 59 56 273 165
968 37 48 281 201
969 28 226 179 103
970 37 102 163 105
971 32 75 243 173
972 34 114 149 93
973 12 61 163 101
973 11 281 181 113
974 12 67 245 163
975 30 80 111 81
976 33 102 203 129
977 45 135 133 97
978 26 87 277 171
979 31 98 233 173
980 54 102 229 143
981 14 70 217 131
982 27 123 185 133
983 15 111 115 79
984 22 277 139 111
985 27 28 295 209
986 20 80 157 119
987 36 53 309 179
988 48 91 91 57
988 6 196 115 75
989 18 40 239 159
990 45 50 311 193
991 22 102 165 115
992 15 174 153 99
993 24 120 221 139
994 15 89 103 67
995 21 130 117 91
995 32 253 135 91
996 14 222 109 73
996 276 143 87 53
996 7 82 149 103
997 107 171 157 105
998 29 37 259 195
999 9 145 127 89
1000 10 121 153 95
